0.007114221106219553
0.20861309588905777
1.5825664243609334
4.85317173866057
7.716469895290927
10.015145570577417
11.481055251185875
12.372927305482872
12.662742502097386
12.473795615138528
12.058368212312109
11.712964651820286
11.365476787355487
10.980575320345904
10.662205390121562
10.367729939108964
9.994143265095564
9.658743440394316
9.346067837856893
8.939605481133489
8.550920875461975
8.220719115596998
7.921911174487768
7.5992064459674316
7.333872011188333
7.03580500205622
6.706129511632943
6.415945003129526
6.144874693075948
5.836053783378926
5.554444235295873
5.306700587424909
5.040207436594373
4.815573480171297
4.581138909496552
4.328474180706005
4.087613583164403
3.862808819992703
3.6438691912565835
3.440842288533419
3.2306276531725495
3.0190973442074913
2.8297811453597332
2.6441395998065196
2.4504678288690527
2.2666728427603293
2.0951990245450145
1.9197551035240308
1.7655535407126899
1.6216811697939932
1.4600725954109057
1.2922872796859737
1.142224318229604
0.995295891430272
0.8575748716610614
0.7305777458657661
0.6104475130046962
0.4882929893525967
0.3721351674965049
0.25703680912169147
0.13356661186538588
0.008429894710423791
-0.10771407794983735
-0.20733595998045917
-0.2924761995676116
-0.3785443352756264
-0.4672368935941338
-0.556654226494603
-0.6522783073278894
-0.7467782950993374
-0.8327541028351254
-0.9148752177305256
-0.9905749221576868
-1.0571780131213968
-1.1127271376104828
-1.175967182185899
-1.2473851769011315
-1.321055974138653
-1.3918068992545622
-1.4544560448077384
-1.5081401442578826
-1.5582696167773686
-1.6034826247758809
-1.6497897192452584
-1.699201341780697
-1.7454207246764601
-1.7997372707363462
-1.8504184028898794
-1.8968178253314851
-1.9342383524742193
-1.965064354200792
-1.9950040073940083
-2.02628010798518
-2.0615286195813254
-2.098286693523347
-2.1311854582263705
-2.163710294641882
-2.192091913303803
-2.2157855791760075
-2.2393776842787623
-2.258651148480701
-2.2766966506520507
-2.2977266545255666
-2.322098930993623
-2.3444330674748164
-2.3623193038940773
-2.37774269165424
-2.3903085286740438
-2.4029713100646846
-2.4142814866622295
-2.42345427070277
-2.436767964297594
-2.4502132252528366
-2.461391834489963
-2.4681479338575176
-2.474086930670882
-2.479377323479367
-2.4847184966725733
-2.48971805636855
-2.49843150874727
-2.5025862674973887
-2.5027547660466993
-2.5051437523280176
-2.507004160968348
-2.5051045129398215
-2.5045643943023057
-2.504822912624536
-2.5041396856300717
-2.503606491590473
-2.503528012814081
-2.501506030222357
-2.4956870597728873
-2.4908029100421927
-2.4881184742497546
-2.484674640885767
-2.4796266090043733
-2.4757903817584306
-2.4687711476700356
-2.4630191150004266
-2.4561753040592587
-2.4468617198610736
-2.439740925003234
-2.4314937288842513
-2.4237589530111125
-2.4173098441512044
-2.4093857959350067
-2.4004322908285003
-2.390043085753898
-2.3810203346682233
-2.369195429625523
-2.3582499485182664
-2.3489455971173068
-2.3387110413961807
-2.3289058107459013
-2.315829861679555
-2.3064054839147032
-2.2936965385379517
-2.2825086965036046
-2.2685371661066784
-2.2580856396508238
-2.2449196708115595
-2.234385049180703
-2.221362188698388
-2.2086393941258047
-2.1969668302372756
-2.183976284545237
-2.1701871018934566
-2.1581729245076966
-2.143005746870457
-2.13038451306732
-2.1162629497155265
-2.1039717884130917
-2.0908496753606336
-2.0768112071838445
-2.063557526770967
-2.049408265027507
-2.0349543209757055
-2.0203849669586225
-2.00714975214019
-1.9926934998890815
-1.9777225191928196
-1.9633008899312974
-1.9501880096760618
-1.9340006079457404
-1.9203499172522946
-1.9051804314157517
-1.8910819500570146
-1.879626356903216
-1.865553265736841
-1.8521634015649289
-1.8372593586485295
-1.8216374657480836
-1.80703118054211
-1.792965013973652
-1.7775647082065447
-1.762619117702645
-1.7488807154355854
-1.7329541402267992
-1.7188695080638972
-1.7039123765634698
-1.690423259821419
-1.6759947059619804
-1.6605366952122322
-1.6455218587291647
-1.633078356272561
-1.6197946692687089
-1.6034318443911588
-1.589483395987287
-1.5753179768486876
-1.5614849384100997
-1.5485474813020914
-1.5348160036329495
-1.520879096225608
-1.5052918263147463
-1.4917057652018575
-1.476861735467406
-1.4604942941912442
-1.4471552104040588
-1.4344416486286964
-1.4193875727574325
-1.4064293418556741
-1.3936696160941981
-1.3788763667444708
-1.365636535527426
-1.3512679948499315
-1.336647860448126
-1.3252661296721058
-1.310643687070995
-1.2964274875476718
-1.283875499723703
-1.2715289416379347
-1.2598079055639873
-1.2450723611968981
-1.23194563174583
-1.217766363411398
-1.202977730460281
-1.19129131737592
-1.1787116311602828
-1.1677292188641368
-1.1532383436234457
-1.1455474235371148
-1.1325176384568818
-1.1191785546696953
-1.1084038803110539
-1.0932205452786763
-1.079355192049808
-1.0696746041620313
-1.0574942364262667
-1.0467057128717923
-1.0337059343825312
-1.0214978682550995
-1.0107255020957633
-0.9984274161954114
-0.9878096993895525
-0.9749322554634892
-0.9655840482757216
-0.9550032626587526
-0.9425736093979813
-0.9329045625067326
-0.9208119063445829
-0.9097417824748234
-0.9007374969835944
-0.8918740116500085
-0.8803930283038464
-0.8704654630903682
-0.8583612659316897
-0.8467394824278851
-0.835230800690057
-0.8278814941009588
-0.8159134807013103
-0.8064590963454856
-0.7964461277576996
-0.7848104950580626
-0.7743889751931814
-0.7653731487054242
-0.7542222378599669
-0.7448717224728945
-0.7378040161990816
-0.7262976426605595
-0.7176580526596178
-0.7089976888649252
-0.6976298072847397
-0.6890317648713006
-0.6794527377529712
-0.6722834707097113
-0.6636092577191849
-0.6546395952175397
-0.6455475981526975
-0.6363332665246577
-0.6272551186556482
-0.618359318531783
-0.6095327643870863
-0.600364596745158
-0.5900746442406974
-0.5833323940689764
-0.5750344175652671
-0.5664363751518268
-0.5587316058696625
-0.5507890920590188
-0.5440791566775772
-0.5324204419848833
-0.5237393043964415
-0.5173294349247306
-0.5100262923217447
-0.5032448027618283
-0.4952976725525736
-0.4876459918544393
-0.4803243836570079
-0.4724280338324761
-0.4652726159850498
-0.4568984689042551
-0.4522520637020387
-0.4458652762233836
-0.43839825146969846
-0.4300748847736275
-0.4246921639929178
-0.4160733477857264
-0.40968656030707196
-0.40165633492281483
-0.39543573779416435
-0.3878048308897797
-0.38222591316809235
-0.37564985334637696
-0.36937155123508586
-0.3645658802807819
-0.35743816082502294
-0.3510098257588678
-0.3466173224802703
-0.33981736732590906
-0.3327981332375137
-0.32614359463940706
-0.3201630502385418
-0.3128068190515258
-0.3066693170978784
-0.3016489836081518
-0.2964693843663372
-0.2914398180793877
-0.2848891484500338
-0.28024966784573474
-0.27312425658928136
-0.2696711904280719
-0.26324285536191583
-0.25818097428468784
-0.2514710389032464
-0.24504270383709062
-0.2425406157897969
-0.2358191394118275
-0.23143125253184113
-0.22611085313238333
-0.2225654589989489
-0.21706963645226446
-0.2120146799729537
-0.2076037110999111
-0.20207788196225354
-0.19710832885725085
-0.19311283585921982
-0.1872523178222469
-0.18294752611726292
-0.1764845680615232
-0.17240828808779546
-0.16934530760923616
-0.1653867458000956
-0.15921692905616924
-0.15535300341855923
-0.15052886686981007
-0.1464133475078871
-0.14045126870146712
-0.13705590752289765
-0.13532244984437602
-0.1294803974018479
-0.12369374174265474
-0.1196936323460128
-0.11570275574659329
-0.10963911617072575
-0.10645841752757934
-0.10156965139827297
-0.09902601576347819
-0.09566758577379908
-0.09287928101260844
-0.08731190428744917
-0.0847474948589036
-0.0816729733838157
-0.07663648249894986
-0.07414824364749006
-0.07018275724043233
-0.06474002327777693
-0.06257724052840963
-0.05953734204290619
-0.05691061123310893
-0.053891486541356025
-0.05147711006767598
-0.04743314488422681
-0.04328761893133088
-0.04089170805209573
-0.037967219531873375
-0.035435124893606604
-0.03378245419078164
-0.030950293642784087
-0.028967550439255252
-0.025311362739150845
-0.02139665671681683
-0.017708154226433723
-0.01681026469654697
-0.013802681001322198
-0.010954363058185305
-0.011392920926253386
-0.009929522566489374
-0.006520312192086464
-0.0029656852614294016
-0.0005259185953875092
0.0015445361817549488
0.003575751570701841
0.00406047342488235
0.007340424638170458
0.009270079257670004
0.010828113788964498
0.01700947152941879
0.0163977987134291
0.02077645279619303
0.02046022949132289
0.02259993024763399
0.025245126651876188
0.02739406020540978
0.028134992182514272
0.03047781447772006
0.03198968502290213
0.03587438445426305
0.039645982119648614
0.041787991075265256
0.044460885871174846
0.044430879280201806
0.04710146587680606
0.047182252852502785
0.04949506855673537
0.052202586342229254
0.05457079882979678
0.05583107565066609
0.05609421037150697
0.058266225918096805
0.06073830737441729
0.06396978640228733
0.06459300021480513
0.06721280642668559
0.06730975079752169
0.06724512121696428
0.07012113755176866
0.07274094376364904
0.07418587652896808
0.07817213672977655
0.07972093846384865
0.08047802783609243
0.0831532308313076
0.08343944754520467
0.08263619418684837
0.08382260862993783
0.08809046914603169
0.09014245832872911
0.09302078286283914
0.09768334546019462
0.09780798822269818
0.0983065592727125
0.10091944088667602
0.1023643736519951
0.10685843770003996
0.10591669238334647
0.10584744640417783
0.10759706147783873
0.10917817800218947
0.11142867232517044
0.11289437888423993
0.11430007226136353
0.11762387926145845
0.11849637859898339
0.11767927604479336
0.11825632587119869
0.11925577617053285
0.12059914816640448
0.12080688610391045
0.120834584495578
0.12549253069432217
0.12436151303456766
0.12746142470201713
0.12896175425067105
0.12817465828745417
0.1289571378520598
0.12883711148816748
0.1280223171332832
0.12958265986388323
0.12957111886735517
0.1308244710903076
0.13329193614801685
0.1332111491723201
0.13364970704038823
0.13353891347371832
0.13236634822646265
0.13494922324945308
0.13303572602509284
0.13727588814951935
0.138247640057186
0.13642877900435638
0.13959562845166898
0.13939712331138554
0.14146988628783347
0.1410382530176824
0.1407982002898977
0.14359112144969985
0.14417509587402202
0.14474522110251056
0.1455738646532288
0.14687799726090495
0.1476974080144006
0.14884689126860007
0.14910540959082963
0.14981633497696115
0.15282622687149142
0.15227456723744773
0.15096351003185496
0.15251000356662114
0.15284469246593624
0.154601232137514
0.15579226297921486
0.15744493368203985
0.15644779158201136
0.15541602649239852
0.15641086039312144
0.15642470958895516
0.15654242775354185
0.15718872355911584
0.15816509186539407
0.1603071008210106
0.15854594475082168
0.15847669877165305
0.15960540823210181
0.15916685036403372
0.15868212850985336
0.16012244487656088
0.16063717332171454
0.16007166449183718
0.16260606732940963
0.1625091229585735
0.1618582107543883
0.16025401223698135
0.16181897136619264
0.16169432860368915
0.1635431962474918
0.16382248836347202
0.16511277177531442
0.16394713112597564
0.16653000614896607
0.16433952500793117
0.16806495868720434
0.16719476754898505
0.1691705861545973
0.16946372746641114
0.16938524869002003
0.1679195421309502
0.16905517618931618
0.16822884083790354
0.16827269662471037
0.16744866947260348
0.16939909788585383
0.1708163322595054
0.1695006586553011
0.1698930525372568
0.17092020122825824
0.17067784030116806
0.17215970425537716
0.16986535414558931
0.16976610157544764
0.17086249624561783
0.17077016827339297
0.17065475830811205
0.16875741847889097
0.17087634544145164
0.17167267420189106
0.16973840318378003
0.17026467262546194
0.169689930998362
0.16942448807821572
0.16933908470390763
0.1718873367373141
0.16965299980947207
0.16869048069902792
0.169696855596279
0.16759870242746888
0.16706781658717587
0.16663156691841344
0.166596943928829
0.1673171021121832
0.16670312109688776
0.1671255215698167
0.1666754227052203
0.1672940201191269
0.1673678824969068
0.1673240267101
0.1694337208754383
0.16899977940598138
0.16905517618931631
0.1690067040038983
0.16998768870878742
0.16786414534761548
0.16823807363512625
0.1693160027108515
0.1688197398601428
0.1683050114149892
0.1696830064004454
0.16987689514211796
0.17003846909351125
0.16860969372333123
0.1687828086712529
0.1677187287913614
0.16837887379276914
0.16791492573233915
0.16636843219757258
0.1656505822135243
0.16464882371488443
0.1656713560072748
0.16533435890865422
0.16530435231768123
0.165322817912126
0.16639613058923997
0.1658444709551965
0.16783644695594804
0.16731479391287757
0.16670312109688776
0.1670216526010635
0.16440877098709994
0.1639402065280587
0.16366322261138413
0.16284842825649987
0.1627284018926075
0.16221828984606523
0.16505968319128506
0.16226445383217766
0.162005935509948
0.16328467792526244
0.1624629589724611
0.16173356799188474
0.16067872090921573
0.16101110160922508
0.1598847003480822
0.15933534891334417
0.1591114535806989
0.1606879537064382
0.16206133229328298
0.16178204017730277
0.16290151684052917
0.16213288647175722
0.15999318571544627
0.15907221419250317
0.1582204886487288
0.15933534891334417
0.15722796294731156
0.15806353109594654
0.16033941561128937
0.15820663945289506
0.1611172787772838
0.15919685695500693
0.15792273093830367
0.1581397016730321
0.15747955667162428
0.15846746597443048
0.15745185827995684
0.15669246070840712
0.15821587225011752
0.1573502975105095
0.15729720892648014
0.15821587225011774
0.15759035023829432
0.15521752135211497
0.15684018546396708
0.1562816012320066
0.15739646149662198
0.15576225638824165
0.15418575626250267
0.1546497043229325
0.15797581952233292
0.1577934717771889
0.15708485459036303
0.15551297086323462
0.15657705074312625
0.1550051670159978
0.15377951318471314
0.15287700725621503
0.15332248972220008
0.15244075758745262
0.15427808423472744
0.15458276654306943
0.15557990864309768
0.15284007606732514
0.15317014856802902
0.15226764263953102
0.15280776127704637
0.15275236449371152
0.15255385935342802
0.15118048076658339
0.15273389889926656
0.1522214786534186
0.15301780741385806
0.1513120481270038
0.15180138637979562
0.14987865635821285
0.14892767824429673
0.14801363131927053
0.14590624535323807
0.14503836241432433
0.14496680823585012
0.14595471753865613
0.147261158345638
0.1478866803574614
0.14712497458660628
0.14378501019137188
0.14447285358444723
0.14310178319690792
0.1417884177920094
0.14163146023922707
0.14094592504545755
0.1408720626676776
0.14009881590029444
0.14001110432668085
0.13788756096550922
0.13878545049539598
0.13772137061550446
0.13889855226137138
0.13627643785018545
0.135583978058499
0.13684425487936827
0.13622104106685048
0.13388514336956162
0.13448527518902317
0.13220939067368043
0.13127918635351493
0.13048285759307565
0.1299912111409783
0.130736759516694
0.13184238698408662
0.13125841255976445
0.13116146818892832
0.12966113864027434
0.12997736194514453
0.1293610727305436
0.12988041757430838
0.12727907695687304
0.12820235667912158
0.12864553094580095
0.12786766777980654
0.12851396358538056
0.12657969256726995
0.1258872327755835
0.12578105560752484
0.12541174371862546
0.12636964643045823
0.1257510490165518
0.12332513154634366
0.12409607011442118
0.12450692959082181
0.12422532927553599
0.1250701302213935
0.1252178549769532
0.12423917847136974
0.12337822013037279
0.12433150644359448
0.12407067992205922
0.12393680436233313
0.12459233296512967
0.12364135485121362
0.12394142076094447
0.12323741997272986
0.12451847058734981
0.12407529632067049
0.12461310675888033
0.12487854967902683
0.12493625466166734
0.12480930369985815
0.1234451579102358
0.12247802240118043
0.12132392274836974
0.1204098758233436
0.12159398206712739
0.12284964248938551
0.1211554241990594
0.12208101212061352
0.12182711019699513
0.11976819641638084
0.1204052594247323
0.12024137727403324
0.11886569048788284
0.11879182811010294
0.12042372501917728
0.1188864642816334
0.11882183470107605
0.11768850884201575
0.11780622700660247
0.11635436964336653
0.11504792883638489
0.11441548222664455
0.11272357213562406
0.1139746161592709
0.11168257424878876
0.11297978225854793
0.11346219591342284
0.11282282470576574
0.11296593306271427
0.11153715769253458
0.11213498131269053
0.11184645639948793
0.10990987718207144
0.10991680177998835
0.10764091726464563
0.10830567866466459
0.10715388721115951
0.10884348910287435
0.10932821095705486
0.10682612290976129
0.10753474009658699
0.10920125999524564
0.10844186242369636
0.10832645245841514
0.10635294205210885
0.10425017248468772
0.10316301061174003
0.10448330061455544
0.10423170689024279
0.10429172007218891
0.10386239500134334
0.10271983634506066
0.10120334940126742
0.10130721837002041
0.1008017227220893
0.10240361304019063
0.10348385031522138
0.10340998793744154
0.10258596078533465
0.1007301685436151
0.10174346803878292
0.10288602669506551
0.10107639843945823
0.09803188355534354
0.09780337182408697
0.09644384243307583
0.09643230143654773
0.09791878178936798
0.09914905201926434
0.09938448834843772
0.09781722101992077
0.09884667791022791
0.09757947649144169
0.09702550865809244
0.09573522524625006
0.09507277204553662
0.09658695079002443
0.09661234098238622
0.0968270035178091
0.09661926558030307
0.09581832042125232
0.09438031225385013
0.09466422076844161
0.09377094763716613
0.0948511849121969
0.09405023975314626
0.0943041416767647
0.09314080922673146
0.09400869216564507
0.09204672275586682
0.0907818295363863
0.09110036104056202
0.09032018967526208
0.08958618229607447
0.08854056801062797
0.08917993921828508
0.0891776310189795
0.09160585668849316
0.09090185590027863
0.08915454902592324
0.08834898746826139
0.08795428538700016
0.08722720260572941
0.08493516069524733
0.08534371197234236
0.08502056406955529
0.08630623108278651
0.08509673464664082
0.08613311613486495
0.08529754798622988
0.08466510137648964
0.08365411008062754
0.08289702070838373
0.08320631941533695
0.0823361282771177
0.08096736608888425
0.08069038217220964
0.08035107687428328
0.08169906526876629
0.07877226854923809
0.07888306211590793
0.0794508791450909
0.07997945678607829
0.07966554168051378
0.07870302257006942
0.07783283143185023
0.0764940758345896
0.0761062983512452
0.07851375022700846
0.07679414174432042
0.07705958466446687
0.07555002231859038
0.07609475735471716
0.07651946602695146
0.07438899806786275
0.07258167801156115
0.07480909034148585
0.07312872124699343
0.07487371992204328
0.07434514228105599
0.07689339431446211
0.07429205369702664
0.07473291976440036
0.07288636031990317
0.07168148028236877
0.07350957413242097
0.07207618236363005
0.0705989348080323
0.07148989974000217
0.0709844040920711
0.07418126013035682
0.07436591607480653
0.07303177687615732
0.07284712093170763
0.07278710774976144
0.07180612304487231
0.07111366325318587
0.07237855647266643
0.07037042307677577
0.0716099261038945
0.07097978769345982
0.07107442386499033
0.0706889545809515
0.06908244786423895
0.0698233798413435
0.07015114414274176
0.07019269173024287
0.06962256650175441
0.06970104527814547
0.06846385045033232
0.06729820980099349
0.06718741623432369
0.06606101497318043
0.0677067610780885
0.0686254244017259
0.0676952200815605
0.06768137088572669
0.0668088715482018
0.06640032027110679
0.06582327044470139
0.0645283706342478
0.06523237142246231
0.06746440015099836
0.06553474553149873
0.06506848927176322
0.06378743865714327
0.06324039542171099
0.06462531500508385
0.06395362900714802
0.06416367514395951
0.06307189687240063
0.06458607561688832
0.062081679370289
0.06198242680014729
0.06083755994455903
0.059025623489646274
0.05983810964522498
0.061684669089722116
0.06130150800498897
0.06399517659464922
0.0633419561911584
0.06264026360224943
0.06241406007029852
0.06215784994737449
0.06137537038276884
0.05909948586742615
0.06137075398415759
0.060645979402192456
0.06053056943691138
0.05824083572573488
0.06142845896679812
0.05984503424314181
0.05984272604383618
0.06072907457719481
0.061781613460558236
0.06149770494596678
0.06013586735565019
0.060096627967454574
0.06117917344179102
0.05961421431257967
0.058365478488238476
0.05801001579517282
0.05795000261322664
0.06150001314527242
0.061707751082778324
0.06163388870499844
