0.032049386542966886
0.5276517090865591
2.270450474437154
4.129632687393671
5.832490113726038
6.996648863607562
7.837659675260669
8.416332360107315
8.631961746831399
8.520651732563913
8.222526117598079
7.874344966314667
7.482107344416544
7.082712708877337
6.679827289846213
6.270047422171477
5.906089381477026
5.585368657004197
5.270445537072605
4.960240722245558
4.6835341191943
4.440239819555583
4.215880449159379
4.006014182633523
3.800791202641517
3.592595914279381
3.4004031760288873
3.237260169308769
3.0622987127595103
2.89162843945254
2.7245439328278023
2.554856765790208
2.4134963690572184
2.2711256415735415
2.1172764677827995
1.9765519139354177
1.841083499945501
1.710909340086881
1.592073874197956
1.4739190203416759
1.3453988989695134
1.2258525716242614
1.1247644426044439
1.0194256645700603
0.9157808542613806
0.8169172678584952
0.7149065314166424
0.6268165797492293
0.5448944855687978
0.4571161029652214
0.37046420889923504
0.28789114712135494
0.20916157711540084
0.13914444611582372
0.07271429177542146
-0.0016363716595900037
-0.07115499215703262
-0.1332050299495435
-0.19187318217538404
-0.25158796446032017
-0.30888400282833944
-0.36755094507723296
-0.42168894361376164
-0.4673601284641424
-0.5145486244059752
-0.5632314418772685
-0.6100418200231839
-0.6543481508774258
-0.6950263658562963
-0.7312161713505272
-0.7703020566672376
-0.8114588175286181
-0.8471482975552942
-0.8783106488350275
-0.908821427528835
-0.9404236054287762
-0.9708248812088904
-1.0005594596912448
-1.0273592390888198
-1.0501654895730475
-1.0734248764239014
-1.0985125384415684
-1.122730832022864
-1.1437124372711194
-1.1615184580221554
-1.1784678150947638
-1.1984808337970014
-1.2178731343254627
-1.2331648229807761
-1.2460982665665208
-1.2591805373167382
-1.2743252137729975
-1.2880052131349975
-1.3016991272318867
-1.3120196256007335
-1.3209674051232905
-1.329994438135866
-1.3415261234285913
-1.3511805294881536
-1.3587707148762507
-1.3642888147427308
-1.3695655242082965
-1.3770232171207046
-1.3836448159627852
-1.388520418070443
-1.3931957689933836
-1.396270320415535
-1.4000448435014856
-1.4028531999953109
-1.4062822746629138
-1.408518312060841
-1.4097470436504487
-1.4100943070342176
-1.4108765571304085
-1.41216336761347
-1.412646148415295
-1.4128899587701016
-1.4124924813430346
-1.4106412166142304
-1.4085431165882532
-1.4062114910115182
-1.4043989455450152
-1.4025597805856802
-1.4011652821543434
-1.3990242279467493
-1.3957548702361426
-1.3922695316405085
-1.3886438357190296
-1.3858270093865748
-1.3821256899059124
-1.3779984585399314
-1.3733969162107527
-1.3686761911523024
-1.3646185334607694
-1.3599564922842438
-1.3558183711257394
-1.3506136552885164
-1.344795481139199
-1.3391418638546637
-1.3340079316688356
-1.3287681265001514
-1.3224217974135013
-1.3166520223420586
-1.310049178142657
-1.3042104343852412
-1.2980909759761383
-1.2914227930216022
-1.2847413003206518
-1.2779533296483703
-1.2706916530013659
-1.2639157820985527
-1.2568652464287855
-1.2497663116811417
-1.2432403010178703
-1.2365769579711214
-1.2296595197655174
-1.2225388054328286
-1.2154955296247436
-1.207965843083992
-1.2006793619095748
-1.192939744368531
-1.186027146070715
-1.1779632547078938
-1.1710028623206732
-1.163459866033506
-1.1552356527252174
-1.147135462053988
-1.1395404367581015
-1.1314311712597704
-1.1240733014454838
-1.1165127604925866
-1.1087707229976485
-1.1014370527223005
-1.0936012420139762
-1.0860903101159016
-1.0783119733125555
-1.0702928510967709
-1.0617643285863283
-1.0543138955356008
-1.0459190754777936
-1.0377704857286876
-1.0297162741814418
-1.02175886078995
-1.0137106991274372
-1.005993466159912
-0.9981443457051709
-0.9902189967027736
-0.9824769592078358
-0.9751215093474426
-0.9674393657113777
-0.9589066082816209
-0.9512371694034991
-0.9435762003640052
-0.9359515306329199
-0.927896714097201
-0.9199144961782979
-0.9122087579917683
-0.9043305980903014
-0.896749487529306
-0.8889318264751868
-0.8812593626546984
-0.8740612097974064
-0.8661237610255397
-0.8587447166146809
-0.8505924969347333
-0.8431686833768387
-0.8359711355080198
-0.8289411694463513
-0.8206951765530159
-0.8133252069692594
-0.8057513562699451
-0.7987951988020396
-0.7910598161803105
-0.7834363564261722
-0.776434219834283
-0.7684967710624162
-0.76193869601005
-0.754759297795436
-0.7476791176904696
-0.7409806853122596
-0.7338575510256773
-0.7267549863471932
-0.7199857703175885
-0.7130223529880005
-0.7063202906789497
-0.6995123553870426
-0.6923995059045093
-0.6859473038350007
-0.678796945067113
-0.6717663740169701
-0.6651405402555757
-0.6585746003530556
-0.6518773779517933
-0.6451438562421232
-0.6382687672296619
-0.631069404395423
-0.6252832946351996
-0.6183652514411218
-0.6120503817550895
-0.6060162267207448
-0.5993062995615398
-0.593180186279229
-0.5870365283311872
-0.5808614109825254
-0.5748260459712338
-0.5680447301721596
-0.5624195473458776
-0.5566376725049678
-0.5502822685912132
-0.5445016037272505
-0.5385442822290363
-0.5323510152261696
-0.5259956113124149
-0.5201961918057751
-0.5145074851897795
-0.50880062891958
-0.5026170417322889
-0.4968049174677068
-0.49177080838000026
-0.48642089530914506
-0.4803008319115689
-0.4756133812191583
-0.46959616586207087
-0.4634313333174577
-0.4587293629016838
-0.4533304457644782
-0.4486647746571123
-0.44313880994047844
-0.43821722870883734
-0.43243898379876844
-0.4274508538350461
-0.4217379476801123
-0.41686658049176867
-0.4114876279741874
-0.4064771134369462
-0.4016347856953291
-0.3962939474515762
-0.3917571388890589
-0.3867944184412216
-0.38213298225317033
-0.3775114753043677
-0.37257597933783637
-0.36776087607752533
-0.36285199960382697
-0.3581699938076779
-0.3535188424236751
-0.3494406151240445
-0.3444718447914717
-0.34038877758405356
-0.33584289419443414
-0.3312794661390845
-0.32690116455661483
-0.3223226117894283
-0.31781605265058355
-0.31280311815944856
-0.30926817050898997
-0.3046805429147016
-0.3009907182150355
-0.29670255991511213
-0.2925813784338656
-0.28849952120339406
-0.2845543913679259
-0.28034972147734066
-0.27649352494747215
-0.2724570418525107
-0.2681277443363919
-0.2647609834815569
-0.26040748642649925
-0.2571538584162021
-0.25360741598474773
-0.24956367302810456
-0.24590772768295283
-0.24225601725711543
-0.23893947044557762
-0.2353355541091438
-0.23198694290851257
-0.22819608513377784
-0.22484384400230537
-0.220676683397075
-0.21719739468617483
-0.2136164679117328
-0.20922969649063472
-0.20676436846126317
-0.2028869973348231
-0.20002237691296362
-0.1959641142329576
-0.19321988651731825
-0.18974059780641814
-0.18692558643938345
-0.18347715214063032
-0.18054658797516365
-0.1780256010062329
-0.1750097334660074
-0.17159578351024204
-0.16853091190366595
-0.165453335539147
-0.16243020813723993
-0.15941313062006743
-0.15622060644559024
-0.15331061188822123
-0.15055851932242684
-0.14751845224326274
-0.14460240780115924
-0.14222722305433377
-0.13979335442558227
-0.1370013326205392
-0.13417603644945555
-0.13151408716620758
-0.129002175024379
-0.12643702389688552
-0.12350040984668424
-0.12065877898681711
-0.11783166785031295
-0.1149876170365519
-0.11224036437854537
-0.11002489658871482
-0.10783967822255765
-0.10500167729353105
-0.10250549485201253
-0.10032511639364305
-0.09726810963722192
-0.09522990347011687
-0.09285411373481793
-0.09097441454776045
-0.0888206555822235
-0.08667899638615599
-0.0844320691957053
-0.08190503234204029
-0.08017113537708818
-0.07783950980035238
-0.0756790959616072
-0.07412609055022137
-0.07088335233244657
-0.06945557953506808
-0.06679907514808107
-0.06439485095452929
-0.06203902583885475
-0.05986348728827297
-0.0582136837211327
-0.05621661677022317
-0.05483603307377512
-0.05293999919793436
-0.051077844676607614
-0.04889081134503007
-0.04732933609501586
-0.045751526156217935
-0.04349007924240404
-0.04134902503480967
-0.03935800796863491
-0.03784130186565702
-0.03632278079725869
-0.03394578108501291
-0.03246537429044296
-0.03087183465133496
-0.02893042663998428
-0.02689827035761379
-0.025603595024397754
-0.023474640586272705
-0.02222049948077885
-0.02011271963922517
-0.018314088907612318
-0.017296498295243434
-0.016091966244573683
-0.014249776342871395
-0.012756059801885223
-0.0114553345839345
-0.00986239993329994
-0.007945796449361383
-0.0066105868884230885
-0.005746058359840909
-0.0038476045301062654
-0.002088903037742169
-0.0005752218771315844
0.000444183700657718
0.0015186432295323776
0.0029452060499639355
0.004420772936746196
0.005449253341637471
0.006667700127196866
0.008527434694629665
0.010048375716921886
0.011615900851670875
0.012436870210163509
0.014037064722479712
0.015268216265981974
0.017160015222508467
0.018015468923988642
0.018944126230758106
0.020315030111630827
0.02121162302930665
0.02169077390029133
0.023287943470240175
0.023968555502888775
0.025047249951077658
0.02626327678274322
0.02716168466583942
0.02822464941371824
0.029513879850673132
0.03057200469076424
0.03192959882522071
0.03257028161862064
0.0336895102945318
0.03421343031255289
0.03537319321618619
0.0362661562030212
0.037846386095712975
0.038958959898415996
0.03950465950148184
0.04090944273686873
0.04198027233490258
0.043485483656884566
0.043790397847511174
0.044824323148663615
0.04563924262242158
0.04638640338715143
0.04701256645718822
0.0479109743402845
0.049450670005254126
0.049785833619554
0.05043438126310901
0.05090203735309788
0.05218521790531809
0.05222454215609336
0.05354220705130112
0.05439826574125473
0.05534265274833436
0.056187216657292254
0.05655383967221232
0.057676093290490706
0.05788904923315053
0.058392399643073814
0.05935614628130433
0.059889141126427445
0.06068954087682228
0.061606703402595796
0.06204894997669909
0.06293102317101175
0.06391957433665427
0.0640974409478531
0.06426078783568878
0.06505876763218973
0.06581379324707458
0.06689672261457773
0.06688401785663499
0.06795363747772187
0.06862396470632157
0.06953386737041357
0.0707589690291811
0.07106327823133418
0.07118851084534157
0.07139541690326673
0.07198951558420985
0.07230168963651804
0.07255033989911235
0.07310571931775363
0.07429996656437456
0.0745056626453528
0.07511791098049984
0.07558556707048866
0.07616938094738283
0.07636176728194478
0.0766981408731916
0.0775281850587862
0.07771270654319315
0.07762074829522644
0.07851189631664107
0.07922033781906908
0.07951315224022627
0.07983924102742422
0.08014960011431208
0.08109459210986522
0.08107402250176737
0.08199299999296132
0.08239229238544861
0.08273290089600961
0.083418352836446
0.08342621768660104
0.08363070379063235
0.08353511561182478
0.08371237723455027
0.08402818121769925
0.084742672604862
0.08503548702601943
0.08527627243845859
0.08562232584528087
0.08551463789700399
0.08615048078261624
0.08676333410623675
0.0870670383199164
0.08711664737474059
0.0875328794444848
0.08788437774756826
0.08849360114034813
0.08847000658988291
0.08857164465342514
0.08929823581005729
0.08943072828574622
0.08970357808727909
0.08956745568074934
0.08996614308476313
0.0906104558090039
0.09137697620488458
0.09068970929902784
0.09106903707189072
0.09092686478062634
0.09109505157624977
0.09148163921079411
0.09147074941827171
0.09138847098588047
0.09155181787371608
0.0916613207874133
0.09257848331318673
0.0926819363421494
0.09291969681222134
0.09278054946332423
0.09333350892807166
0.09344422181871583
0.0930721539075346
0.09317379197107674
0.09347084131154827
0.09384653915357045
0.09358881406387418
0.09363963309564527
0.09444124282298688
0.094841745192421
0.09462213437655305
0.09493551840580812
0.09499662224162818
0.09493249346344078
0.09523196275780617
0.0952077632188676
0.0954334239194702
0.09561250050761598
0.0960886264362334
0.09629553249415856
0.09601784278483799
0.09621264907329377
0.09665247569350323
0.09644375467015762
0.09648247393245943
0.09652119319476118
0.09617271983404513
0.09582908638111674
0.09593677432939358
0.09578915714186802
0.096175139787939
0.09580791178454545
0.09557015131447336
0.09599606319979317
0.09574862291414576
0.09595250402970365
0.09651453832155316
0.09641774016579861
0.09661799135051571
0.09680251283492261
0.09621930394650192
0.09611464094059242
0.09601965775025835
0.09569175399763999
0.09582182651943505
0.09591015483656107
0.09591559973282227
0.09603115253125426
0.0960946763209681
0.09632638690630536
0.096262258128118
0.09637781092654991
0.09671781444863743
0.09627254293216692
0.09606079696645398
0.0962453184508609
0.09679827791560837
0.09652603310254888
0.09590410495182643
0.09614126043342487
0.09602510264651949
0.09573954808704377
0.09573349820230911
0.09592769950229159
0.09600755798078901
0.09544431371199255
0.09562097034624452
0.09559253588799163
0.09529669652446707
0.09504623129645234
0.09518053873756162
0.09500630205720358
0.09493612339428155
0.09503655148087688
0.09515089430236183
0.09510431018990503
0.09499722723010161
0.09475220689834814
0.09469654795878932
0.09480242094164575
0.09485384496189034
0.09448359201612946
0.09421376715696396
0.09405284022302218
0.0935386000205765
0.09321614116421939
0.09361785351060045
0.09328510985019438
0.09329781460813717
0.09401835588003464
0.09339279779847132
0.09321251123337859
0.0930273847604981
0.09303948452996753
0.09238186205931044
0.0928174537602057
0.09290638706580512
0.09217253604749147
0.09194022047368088
0.09186096698365681
0.09186399192602426
0.09235524256647802
0.09177505862042475
0.0916298613867931
0.09129953768028105
0.09073810837690505
0.09156331265471193
0.09099401850118105
0.09068849932208092
0.09065885488688108
0.0898257857589192
0.08957471554243093
0.09010892036450105
0.08985966511343325
0.09012162512244375
0.09019603870468008
0.08989959435268188
0.08933937502625293
0.08989414945642077
0.08935933964587732
0.08942649336643195
0.08888623865962728
0.0892764562250125
0.08914456873779707
0.0886236736621432
0.08813605295253
0.08824132094691292
0.08806587428960798
0.0873041938015149
0.08805014458929784
0.08759398328030485
0.08721586548438896
0.08717654123361372
0.0868915916626114
0.08666714093895575
0.08707066825075721
0.08653888338258107
0.08656550287541354
0.086215214549277
0.08603432299571082
0.08557392676740361
0.08478925671731895
0.08442868358713342
0.08509961580420673
0.08498224804035447
0.08485096554161241
0.08493566392789761
0.08461260008306694
0.08453697652388378
0.08423145734478375
0.08433914529306057
0.0839828070821894
0.08359077455138368
0.08327678553365507
0.08283332898260487
0.08357080993175928
0.08332578960000579
0.08333062950779348
0.08287991309506168
0.08253083474587217
0.08218780628141724
0.0816160921739923
0.08130996800641885
0.08121800975845216
0.08080964253886296
0.08149146454845839
0.08106192273229808
0.08046177416662026
0.08063601084697834
0.08036195106849853
0.08047447892456314
0.07994632398722767
0.08000258791526003
0.0796577444853845
0.07975393765266556
0.0796317299810255
0.0794720130240306
0.0796855739551639
0.07846349723876382
0.07840541834531113
0.0777187564279278
0.07822392180327148
0.07759896871018168
0.07727408989993072
0.07737875290584022
0.07707807363452787
0.07687237755354963
0.07742049711050936
0.07685301792239871
0.07656383343208224
0.07648276497663789
0.0760247887022246
0.0761953954517418
0.07553837796955837
0.07547485417984448
0.07526552816802541
0.0753344968540005
0.07501990284779846
0.07438224499676581
0.07419711852388541
0.07365081393234604
0.07362237947409316
0.072809879954229
0.07341426343922103
0.07298956153084826
0.07337796413081307
0.07349775184855925
0.07342394325479647
0.07309724947912509
0.07290728309845697
0.0726453230894464
0.0723337540256117
0.0716815764512159
0.07150915473627825
0.07092352589396368
0.07079466334911555
0.07028889298529843
0.0706149817724963
0.07056234777530479
0.06978735754079558
0.07008501186974055
0.0691726892517547
0.06891798910442572
0.0689869577904008
0.06929913184270897
0.06906863123431864
0.06850417698857539
0.06928279715392542
0.06950664288910759
0.06912489516235093
0.06853684636614253
0.06837712940914766
0.06833659518142546
0.06802139618674999
0.06788406380327333
0.06747811653757801
0.06744605214848434
0.06688885776442267
0.06660995807815508
0.06609632286418296
0.06569582049474885
0.06502972818546335
0.06511805650258932
0.06480830240417501
0.0650872020904426
0.06450943809828309
0.06525236394369864
0.06446587892819353
0.06446527393972012
0.06410954071732242
0.06387904010893207
0.0637713521606552
0.06347914272797142
0.063408359076576
0.06310828479373715
0.06296913744484006
0.06309920996663515
0.06276707129470264
0.062019910529972785
0.06266301327726659
0.06139132750604213
0.06142218191818886
0.06183841398793313
0.061840228953353546
0.06108580832694208
0.0612376604337819
0.06120801599858213
0.06120257110232092
0.061034989295171
0.06093335123162882
0.06017106575506235
0.06037918178993449
0.05972095433080402
0.05929927736479856
0.059514048272878796
0.05869247392591274
0.05872393332653291
0.05870759863774935
0.05860051567794595
0.05860475059726022
0.05779043611197569
0.05806994078671673
0.057587764973364736
0.05767185837117646
0.05682789945069217
0.056446756712408945
0.05619326654202685
0.05592404667133473
0.056270100078157005
0.05584176823894344
0.05631970913298116
0.05586112787009436
0.05575041497945018
0.05603173461961163
0.055522939313427166
0.055246459581053384
0.05517567592965795
0.05468079535836315
0.0543571265250591
0.05439282084499355
0.05468079535836313
0.05450655867800507
0.05460033189139224
0.054433355072715746
0.0540449524727509
0.05416837012133787
0.05363537527621479
0.053142914658813906
0.05314956953202203
0.05287369478812177
0.05251796156572409
0.05211806418476346
0.05181012505176952
0.05168307747234178
0.05092381693814266
0.05070541609922159
0.05073808547678874
0.05109260872223953
0.05074655531541727
0.050908692226306014
0.05100367541664007
0.05091595208798759
0.05045192592883954
0.05021719040113492
0.05043740620547644
0.0499878997696915
0.04952992349527812
0.04915846057257034
0.049035647912456834
0.04959344728499202
0.048926144998759545
0.04856678184552107
0.04838468031500796
0.04833325629476343
0.04815901961440533
0.048121510329050494
0.04775125738328962
0.0478002614496403
0.04768168370884111
0.0472684765814641
0.04695085763289472
0.04674395157496953
0.046579999698660404
0.046836514811409734
0.046373093640735205
0.04626117077314412
0.046342239228588475
0.04585764346134261
0.045958676536411384
0.04569127163113962
0.045250840022456745
0.044549658381710315
0.044869092295700096
0.044561758151179603
0.044649481479832095
0.044403856159605126
0.044371791770511426
0.044438340502592676
0.0436137412132592
0.04392289032320008
0.04381217743255592
0.04335117621577523
0.04270323356069371
0.04244248352863011
0.04272198820337112
0.04307469648340155
0.042965798558177754
0.042720778226424214
0.04192763833771113
0.04167112322496175
0.042267641859798616
0.041702582625581984
0.041764896438348895
0.04169471777542691
0.04165841846701899
0.04143699268573061
0.041383753700065626
0.041095174198222624
0.04064929769327858
0.04018890146497131
0.040142317352514466
0.03989548205534056
0.04018406155718358
0.040320183963713306
0.03965046172358703
0.03936793210647864
0.0391707058641289
0.03872059443987061
0.03883070234204133
0.03851671332431273
0.03864376090374049
0.03846105438475389
0.038226318857049295
0.03837454103304834
0.03831101724333448
0.03783428632624366
0.03759289592533096
0.03773264826270148
0.03859959674517751
0.03843201493802757
0.03782339653372131
0.03769029906955891
0.0366781533534512
0.0366811782958185
0.036734417281483495
0.03629701061516794
0.0367319973275896
0.0355921990435807
0.03565693281024149
0.0355885691127399
0.035130592838326535
0.03510760327633485
0.0352086363514036
0.03537924310092085
0.03534052383861907
0.03547422629125492
0.0357410262080532
0.035571024447009394
0.03508884863365744
0.03538287303176164
0.03447297036766959
0.0344887000679797
0.03423097497828339
0.03416442624620219
0.03401620407020316
0.03383531251663699
0.03342815527399473
0.03345235481293335
0.033190394803922794
0.0327463332643991
0.03318131997682079
0.03317164016124533
0.03237910526100557
0.03248739819775586
0.03202276705013438
0.03211291033268074
0.03201308723455892
0.03221817832706374
0.03237063542237702
0.0322817021167776
0.0320245820155548
0.03190902921712289
0.031592015257027
0.03177290681059316
0.03153212139815391
